{
    "exercise": {
        "id": "2-3-2",
        "description": "Checking rotation matrices",
        "variables": [
            {
                "name": "Ree",
                "expected": [[0.5000,0.0000,0.8660],[0.8660,0.0000,-0.5000],[0.0000,1.0000,0.0000]] 
            },
            {
                "name": "R03",
                "expected":  [[-0.1202,0.8245,0.5529],[-0.1751,-0.5658,0.8057],[0.9772,0.0000,0.2124]]
            },
            {
                "name": "R36",
                "expected": [[0.6539,0.5529,-0.5163],[-0.5776,0.8057,0.1313],[0.4886,0.2124,0.8462]]
            }
        ]
    }
}
